loading data for subject 48
INFO : label 0 examples: 196, label 1 examples: 320, label 2 examples: 267
INFO : used 196 examples from each label
(783, 62, 641)
num of examples for each label 196
y
[1 0 0 2 1 0 1 2 0 1 0 2 0 0 1 1 2 0 2 2 0 0 1 2 2 0 1 2 2 2 2 0 1 2 2 1 1
 0 2 1 2 0 0 0 2 1 2 1 1 1 0 0 2 0 1 2 2 2 1 0 2 2 0 1 1 1 1 0 0 2 1 1 1 0
 2 2 2 0 2 1 0 0 2 0 1 0 2 0 2 0 1 0 0 1 1 0 1 1 2 1 0 0 1 0 1 0 2 2 2 0 0
 1 2 0 2 0 2 2 2 2 0 0 2 0 2 2 1 2 1 2 0 2 1 0 2 2 2 2 2 1 0 0 0 0 0 1 1 1
 2 1 1 1 0 0 0 1 2 2 1 0 1 1 1 1 2 2 1 1 1 1 1 2 1 2 1 2 0 2 0 1 0 0 2 2 2
 0 2 0 0 0 1 2 2 1 1 2 1 2 1 1 1 2 1 1 1 0 2 0 0 1 1 1 0 1 1 2 1 1 1 2 1 1
 0 2 1 1 1 2 1 2 1 1 1 2 1 0 1 0 2 0 0 1 2 0 2 1 2 0 0 0 0 2 0 0 1 1 0 2 1
 0 2 2 2 0 2 2 0 2 2 0 0 2 2 2 2 2 2 1 2 1 1 1 2 1 0 2 1 0 1 2 0 1 1 0 2 1
 1 1 1 1 2 0 0 2 0 0 0 0 1 1 1 0 2 1 0 1 0 0 2 0 0 0 0 0 2 1 0 0 0 2 2 2 2
 1 0 2 0 1 0 2 0 2 1 1 0 1 1 0 0 2 0 1 2 1 2 1 1 2 1 2 2 0 2 0 1 0 0 1 1 1
 1 0 2 2 0 1 0 2 1 2 2 2 0 1 2 1 1 1 2 0 2 0 2 0 0 2 0 2 0 2 0 1 1 1 2 2 2
 2 0 0 2 1 2 2 0 1 1 2 0 1 0 2 0 2 1 0 0 1 2 0 2 0 0 0 0 0 2 1 1 2 2 2 1 0
 1 0 2 0 1 2 1 1 0 0 0 1 1 1 1 2 2 0 2 1 1 2 2 1 2 0 0 0 0 0 0 1 0 2 0 0 1
 0 0 0 1 0 2 2 0 2 0 1 1 0 0 0 2 0 1 0 1 2 1 2 1 1 2 2 1 2 1 2 1 2 2 2 2 1
 0 2 1 2 0 1 1 1 2 2 1 0 1 0 1 0 2 1 0 0 1 1 0 1 1 0 2 1 2 0 1 0 0 2 2 1 0
 1 2 1 0 2 2 0 2 2 1 2 0 0 1 0 1 2 0 2 2 1 0 1 0 2 0 2 0 2 2 2 1 0]
INFO : Training sample size: 411
INFO : Validation sample size: 58
INFO : Test sample size: 117
INFO : in_chans: 62
INFO : input_time_length: 641
Cuda is available.
INFO : Epochs: 800
INFO : Batch Size: 64
2019-06-08 22:43:39,066 INFO : Run until first stop...
2019-06-08 22:43:41,088 INFO : Epoch 0
2019-06-08 22:43:41,088 INFO : train_loss                0.98195
2019-06-08 22:43:41,088 INFO : valid_loss                1.04083
2019-06-08 22:43:41,088 INFO : train_misclass            0.47445
2019-06-08 22:43:41,088 INFO : valid_misclass            0.55172
2019-06-08 22:43:41,088 INFO : runtime                   0.00000
2019-06-08 22:43:41,088 INFO : 
